INSERT INTO place (id, name, latitude, longitude) VALUES (1, 'Area de esparcimiento', 19.0580159920845, -98.2833185791969);
INSERT INTO place (id, name, latitude, longitude) VALUES (2, 'Area de esparcimiento - Salida', 19.0580083865055, -98.2836592197418);
INSERT INTO place (id, name, latitude, longitude) VALUES (3, 'Cancha de beisbol 1', 19.0588221814764, -98.2832220196724);
INSERT INTO place (id, name, latitude, longitude) VALUES (4, 'Cancha de beisbol 1 - Salida', 19.0582416241016, -98.2835975289345);
INSERT INTO place (id, name, latitude, longitude) VALUES (5, 'Parada Autobus Foraneo', 19.057620501516, -98.2837477326393);
INSERT INTO place (id, name, latitude, longitude) VALUES (6, 'Acceso Principal', 19.0568650105012, -98.2837209105492);
INSERT INTO place (id, name, latitude, longitude) VALUES (7, 'Planta Fisica', 19.0564568411049, -98.2834419608116);
INSERT INTO place (id, name, latitude, longitude) VALUES (8, 'Estacionamiento 9 - Entrada', 19.0564365593696, -98.2830584049225);
INSERT INTO place (id, name, latitude, longitude) VALUES (9, 'Sorteo UDLA', 19.0564036015444, -98.2824441790581);
INSERT INTO place (id, name, latitude, longitude) VALUES (10, 'Estacionamiento 9', 19.0567686724734, -98.2827311754227);
INSERT INTO place (id, name, latitude, longitude) VALUES (11, 'Recursos Humanos', 19.0563681084946, -98.2821598649025);
INSERT INTO place (id, name, latitude, longitude) VALUES (12, 'Publicaciones', 19.0567407851391, -98.2821330428124);
INSERT INTO place (id, name, latitude, longitude) VALUES (13, 'Estacionamiento 10', 19.056286981495, -98.281706571579);
INSERT INTO place (id, name, latitude, longitude) VALUES (14, 'Estacionamiento 10 - 2', 19.0560841638225, -98.2811459898949);
INSERT INTO place (id, name, latitude, longitude) VALUES (15, 'Estacionamiento 10 - 3', 19.0558128947978, -98.2806739211082);
INSERT INTO place (id, name, latitude, longitude) VALUES (16, 'Ecozona', 19.0564289537182, -98.2808831334114);
INSERT INTO place (id, name, latitude, longitude) VALUES (17, 'Cancha de futbol americano 1', 19.0565506440986, -98.2814222574234);
INSERT INTO place (id, name, latitude, longitude) VALUES (18, 'Estacionamiento 10 - 4', 19.0554909207067, -98.2803869247436);
INSERT INTO place (id, name, latitude, longitude) VALUES (19, 'Cancha de futbol rapido', 19.0555543014827, -98.280094563961);
INSERT INTO place (id, name, latitude, longitude) VALUES (20, 'Estacionamiento 11', 19.0549331688338, -98.2797968387604);
INSERT INTO place (id, name, latitude, longitude) VALUES (21, 'Estacionamiento 11 - 2', 19.0545833053382, -98.2797566056252);
INSERT INTO place (id, name, latitude, longitude) VALUES (22, 'Estacionamiento 11 - 3', 19.0549078164314, -98.280089199543);
INSERT INTO place (id, name, latitude, longitude) VALUES (23, 'Estacionamiento 11 - 4', 19.054466684009, -98.2800462841988);
INSERT INTO place (id, name, latitude, longitude) VALUES (24, 'Estacionamiento 12 - 3', 19.0533384951786, -98.2798692584038);
INSERT INTO place (id, name, latitude, longitude) VALUES (25, 'Estacionamiento 12 - 2', 19.0539241402258, -98.2798746228218);
INSERT INTO place (id, name, latitude, longitude) VALUES (26, 'Estacionamiento 12', 19.0542258353523, -98.2799255847931);
INSERT INTO place (id, name, latitude, longitude) VALUES (27, 'Estacionamiento 3', 19.0538531530574, -98.2807731628418);
INSERT INTO place (id, name, latitude, longitude) VALUES (28, 'Estacionamiento 3 - 2', 19.0538937171573, -98.2804620265961);
INSERT INTO place (id, name, latitude, longitude) VALUES (29, 'Estacionamiento 12 - 4', 19.0525677730049, -98.2800489664078);
INSERT INTO place (id, name, latitude, longitude) VALUES (30, 'Estacionamiento 13', 19.052027758296, -98.280086517334);
INSERT INTO place (id, name, latitude, longitude) VALUES (31, 'Agora', 19.0530875038112, -98.2810869812965);
INSERT INTO place (id, name, latitude, longitude) VALUES (32, 'Humanidades', 19.0535007520221, -98.2809099555016);
INSERT INTO place (id, name, latitude, longitude) VALUES (33, 'Humanidades - 2', 19.0532649724942, -98.2804620265961);
INSERT INTO place (id, name, latitude, longitude) VALUES (34, 'Humanidades - 3', 19.0528998938543, -98.2805827260017);
INSERT INTO place (id, name, latitude, longitude) VALUES (35, 'Humanidades - 4', 19.052547490794, -98.2811057567596);
INSERT INTO place (id, name, latitude, longitude) VALUES (36, 'Colegio Ignacio Bernal - Entrada', 19.0517108474371, -98.2801562547684);
INSERT INTO place (id, name, latitude, longitude) VALUES (37, 'Colegio Ignacio Bernal', 19.0514243594997, -98.280263543129);
INSERT INTO place (id, name, latitude, longitude) VALUES (38, 'Acceso Periferico Ecologico', 19.0513483006722, -98.2790377736092);
INSERT INTO place (id, name, latitude, longitude) VALUES (39, 'Acceso Periferico Ecologico - 2', 19.052042970002, -98.2793569564819);
INSERT INTO place (id, name, latitude, longitude) VALUES (40, 'Circuito - CB - 1', 19.0519035293114, -98.2805183529854);
INSERT INTO place (id, name, latitude, longitude) VALUES (41, 'Circuito - CB - 2', 19.0515992946707, -98.280810713768);
INSERT INTO place (id, name, latitude, longitude) VALUES (42, 'Parada 2', 19.0517767649456, -98.2807838916779);
INSERT INTO place (id, name, latitude, longitude) VALUES (43, 'Circuito - Estacionamiento 4', 19.0512443535515, -98.2824844121933);
INSERT INTO place (id, name, latitude, longitude) VALUES (44, 'Estacionamiento 4', 19.0520683228422, -98.2818031311035);
INSERT INTO place (id, name, latitude, longitude) VALUES (45, 'Estacionamiento 4 - 2', 19.0516500004829, -98.2822188735008);
INSERT INTO place (id, name, latitude, longitude) VALUES (46, 'Hacienda - Rectoria', 19.0529151054803, -98.282079398632);
INSERT INTO place (id, name, latitude, longitude) VALUES (47, 'Danza', 19.0522483278965, -98.2825112342834);
INSERT INTO place (id, name, latitude, longitude) VALUES (48, 'Silo', 19.0521367754915, -98.2822751998901);
INSERT INTO place (id, name, latitude, longitude) VALUES (49, 'Estacionamiento 5 - Entrada', 19.0518832470194, -98.284238576889);
INSERT INTO place (id, name, latitude, longitude) VALUES (50, 'Parada 3', 19.0519719820287, -98.2844504714012);
INSERT INTO place (id, name, latitude, longitude) VALUES (51, 'Estacionamiento 5', 19.0522229750837, -98.2838040590286);
INSERT INTO place (id, name, latitude, longitude) VALUES (52, 'Jardin de la meditacion - Salida', 19.0514649241935, -98.2829833030701);
INSERT INTO place (id, name, latitude, longitude) VALUES (53, 'Jardin de la meditacion', 19.0518274707036, -98.2831683754921);
INSERT INTO place (id, name, latitude, longitude) VALUES (54, 'Jardin de la meditacion - Entrada', 19.0522242427245, -98.2832749933004);
INSERT INTO place (id, name, latitude, longitude) VALUES (55, 'Negocios', 19.0525829846613, -98.2836109399796);
INSERT INTO place (id, name, latitude, longitude) VALUES (56, 'Ciencias Sociales', 19.0529987693986, -98.2834044098854);
INSERT INTO place (id, name, latitude, longitude) VALUES (57, 'Negocios - Entrada - 1', 19.0527680597036, -98.2839676737785);
INSERT INTO place (id, name, latitude, longitude) VALUES (58, 'Negocios - Entrada - 2', 19.0524080505276, -98.2832005620003);
INSERT INTO place (id, name, latitude, longitude) VALUES (59, 'Estacionamiento 6', 19.0529404581873, -98.2843592762947);
INSERT INTO place (id, name, latitude, longitude) VALUES (60, 'Playita', 19.0535058225459, -98.2837235927582);
INSERT INTO place (id, name, latitude, longitude) VALUES (61, 'Fuente', 19.0535134283313, -98.2832166552544);
INSERT INTO place (id, name, latitude, longitude) VALUES (62, 'Auditorio', 19.0534804699253, -98.2826265692711);
INSERT INTO place (id, name, latitude, longitude) VALUES (63, 'Centro Social', 19.0537061081121, -98.2837209105492);
INSERT INTO place (id, name, latitude, longitude) VALUES (64, 'Sala de Videojuegos', 19.0539114639479, -98.2836350798607);
INSERT INTO place (id, name, latitude, longitude) VALUES (65, 'CIRIA', 19.0544083733137, -98.283141553402);
INSERT INTO place (id, name, latitude, longitude) VALUES (66, 'CIRIA - Entrada', 19.0540965375081, -98.2833132147789);
INSERT INTO place (id, name, latitude, longitude) VALUES (67, 'Estacionamiento 14 - Entrada', 19.0521925517034, -98.2851049304008);
INSERT INTO place (id, name, latitude, longitude) VALUES (68, 'Estacionamiento 14 - Salida', 19.0523395979902, -98.2855314016342);
INSERT INTO place (id, name, latitude, longitude) VALUES (69, 'Estacionamiento 14', 19.0526438312734, -98.2852926850319);
INSERT INTO place (id, name, latitude, longitude) VALUES (70, 'Colegio Ray Lindley - Entrada', 19.0537137138884, -98.2846409082413);
INSERT INTO place (id, name, latitude, longitude) VALUES (71, 'Colegio Ray Lindley', 19.053341030443, -98.2849735021591);
INSERT INTO place (id, name, latitude, longitude) VALUES (72, 'Andador', 19.0534348351986, -98.283868432045);
INSERT INTO place (id, name, latitude, longitude) VALUES (73, 'Zona del lago', 19.0539190697147, -98.2846301794052);
INSERT INTO place (id, name, latitude, longitude) VALUES (74, 'Comedor', 19.0539216049703, -98.284048140049);
INSERT INTO place (id, name, latitude, longitude) VALUES (75, 'Servicios Medicos', 19.0538125889476, -98.2848474383354);
INSERT INTO place (id, name, latitude, longitude) VALUES (76, 'CAIL', 19.0539849863459, -98.2855743169784);
INSERT INTO place (id, name, latitude, longitude) VALUES (77, 'Andador - 2', 19.054144707305, -98.285316824913);
INSERT INTO place (id, name, latitude, longitude) VALUES (78, 'Templo del Dolor', 19.0548444354084, -98.2855367660522);
INSERT INTO place (id, name, latitude, longitude) VALUES (79, 'Andador  - 3', 19.054499642219, -98.2862931489944);
INSERT INTO place (id, name, latitude, longitude) VALUES (80, 'Parada 4', 19.0545655586195, -98.2862804085016);
INSERT INTO place (id, name, latitude, longitude) VALUES (81, 'Cancha de futbol CAIL 1', 19.0536883612996, -98.2863360643387);
INSERT INTO place (id, name, latitude, longitude) VALUES (82, 'Cancha de futbol CAIL 2', 19.0530038399377, -98.2858371734619);
INSERT INTO place (id, name, latitude, longitude) VALUES (83, 'Acceso Camino Real', 19.0527984829784, -98.2873070240021);
INSERT INTO place (id, name, latitude, longitude) VALUES (84, 'Alberca', 19.0540813259904, -98.2872346043587);
INSERT INTO place (id, name, latitude, longitude) VALUES (85, 'Cancha de tenis', 19.0533613125568, -98.2876101136208);
INSERT INTO place (id, name, latitude, longitude) VALUES (86, 'Gimnasio Pesas', 19.0537492075061, -98.2875189185142);
INSERT INTO place (id, name, latitude, longitude) VALUES (87, 'Estacionamiento 7', 19.0539570985436, -98.2868269085884);
INSERT INTO place (id, name, latitude, longitude) VALUES (88, 'Alberca - Entrada ', 19.0543449920998, -98.2870870828628);
INSERT INTO place (id, name, latitude, longitude) VALUES (89, 'Cancha de basquetbol', 19.0536275150707, -98.2871943712234);
INSERT INTO place (id, name, latitude, longitude) VALUES (90, 'Estacionamiento 7 - 2', 19.0541675245723, -98.2866606116295);
INSERT INTO place (id, name, latitude, longitude) VALUES (91, 'Gimnasio Morris Williams', 19.05445654302, -98.2868564128876);
INSERT INTO place (id, name, latitude, longitude) VALUES (92, 'Helipuerto', 19.0550345784047, -98.2867893576622);
INSERT INTO place (id, name, latitude, longitude) VALUES (93, 'Cancha de futbol americano 2', 19.0541092137718, -98.2883986830711);
INSERT INTO place (id, name, latitude, longitude) VALUES (94, 'Cancha de futbol sintetica', 19.0556151470049, -98.2877227663994);
INSERT INTO place (id, name, latitude, longitude) VALUES (95, 'Gimnasio Comunidad', 19.0547557019355, -98.2873392105102);
INSERT INTO place (id, name, latitude, longitude) VALUES (96, 'Cancha de futbol', 19.0557799368487, -98.2864406704903);
INSERT INTO place (id, name, latitude, longitude) VALUES (97, 'Cancha de beisbol 2 - Entrada', 19.0559092333807, -98.2857432961464);
INSERT INTO place (id, name, latitude, longitude) VALUES (98, 'Cancha de beisbol 2', 19.0558002186643, -98.2851853966713);
INSERT INTO place (id, name, latitude, longitude) VALUES (99, 'Templo del Dolor - Entrada ', 19.0550573955496, -98.286030292511);
INSERT INTO place (id, name, latitude, longitude) VALUES (100, 'Zona Residencial', 19.0552373973606, -98.2889592647552);
INSERT INTO place (id, name, latitude, longitude) VALUES (101, 'Hostal San Andres', 19.0575748679282, -98.29520881176);
INSERT INTO place (id, name, latitude, longitude) VALUES (102, 'Circuito', 19.05634529153, -98.2852685451508);
INSERT INTO place (id, name, latitude, longitude) VALUES (103, 'Circuito - Escudo Floral', 19.0562793758367, -98.2841742038727);
INSERT INTO place (id, name, latitude, longitude) VALUES (104, 'Escudo Foral', 19.0564010663268, -98.2839086651802);
INSERT INTO place (id, name, latitude, longitude) VALUES (105, 'Acceso Principal - 2', 19.0568878273943, -98.2839730381966);
INSERT INTO place (id, name, latitude, longitude) VALUES (106, 'Estacionamiento 15', 19.0566317709692, -98.284595310688);
INSERT INTO place (id, name, latitude, longitude) VALUES (107, 'Parada 1', 19.055445286533, -98.2830986380577);
INSERT INTO place (id, name, latitude, longitude) VALUES (108, 'Estacionamiento 1', 19.0554909207067, -98.2825568318367);
INSERT INTO place (id, name, latitude, longitude) VALUES (109, 'CACE - Entrada', 19.0551435936243, -98.2824414968491);
INSERT INTO place (id, name, latitude, longitude) VALUES (110, 'CACE', 19.0549940145838, -98.2824414968491);
INSERT INTO place (id, name, latitude, longitude) VALUES (111, 'Estacionamiento 2', 19.0550345784047, -98.2816180586815);
INSERT INTO place (id, name, latitude, longitude) VALUES (112, 'CACE - Estacionamiento 1', 19.0549864088662, -98.2821035385132);
INSERT INTO place (id, name, latitude, longitude) VALUES (113, 'Jadin DGTI', 19.054664433171, -98.2819399237633);
INSERT INTO place (id, name, latitude, longitude) VALUES (114, 'DGTI', 19.0543576683445, -98.2820498943329);
INSERT INTO place (id, name, latitude, longitude) VALUES (115, 'Ingenieria A', 19.0544413315353, -98.2823181152344);
INSERT INTO place (id, name, latitude, longitude) VALUES (116, 'Ingenieria B', 19.0540255504135, -98.2825058698654);
INSERT INTO place (id, name, latitude, longitude) VALUES (117, 'Ingenieria B - 2', 19.0538379415174, -98.2821062207222);
INSERT INTO place (id, name, latitude, longitude) VALUES (118, 'Plaza de las Banderas', 19.0538835761333, -98.2829216122627);
INSERT INTO place (id, name, latitude, longitude) VALUES (119, 'Ingenieria A - 2', 19.054144707305, -98.2816368341446);
INSERT INTO place (id, name, latitude, longitude) VALUES (120, 'Laboratorios A', 19.0537796306011, -98.2814168930054);
INSERT INTO place (id, name, latitude, longitude) VALUES (121, 'Laboratorios B - Planta Piloto', 19.0543373863525, -98.280810713768);
INSERT INTO place (id, name, latitude, longitude) VALUES (122, 'Andador - 4', 19.0536046977291, -98.2823154330254);
INSERT INTO place (id, name, latitude, longitude) VALUES (123, 'Andador - 5', 19.0538075184332, -98.2826855778694);
INSERT INTO place (id, name, latitude, longitude) VALUES (124, 'Colegio Cain Murray - Entrada ', 19.0545148536984, -98.2837557792664);
INSERT INTO place (id, name, latitude, longitude) VALUES (125, 'Colegio Cain Murray', 19.0547557019355, -98.2842439413071);
INSERT INTO place (id, name, latitude, longitude) VALUES (126, 'Andador - 6', 19.0543171043581, -98.2838308811188);
INSERT INTO place (id, name, latitude, longitude) VALUES (127, 'Estacionamiento 8', 19.0552373973606, -98.2838228344917);
INSERT INTO place (id, name, latitude, longitude) VALUES (128, 'Estatua', 19.0548064067829, -98.2827231287956);
INSERT INTO place (id, name, latitude, longitude) VALUES (129, 'CIRIA - 2', 19.0540128741435, -98.2830825448036);
INSERT INTO place (id, name, latitude, longitude) VALUES (130, 'Ciencias - Entrada ', 19.0542283706031, -98.2813793420792);
INSERT INTO place (id, name, latitude, longitude) VALUES (131, 'Ciencias', 19.0541523130611, -98.2812398672104);
INSERT INTO place (id, name, latitude, longitude) VALUES (132, 'Esq LA - 1', 19.0539900568549, -98.2815027236938);
INSERT INTO place (id, name, latitude, longitude) VALUES (133, 'Esq LA - 2', 19.0538075184332, -98.2810735702515);
INSERT INTO place (id, name, latitude, longitude) VALUES (134, 'Laboratorios B - Entrada Sur', 19.0541979475905, -98.2808804512024);
INSERT INTO place (id, name, latitude, longitude) VALUES (135, 'LB - Esq SE', 19.0541168195295, -98.2807034254074);
INSERT INTO place (id, name, latitude, longitude) VALUES (136, 'Laboratorios B - Entrada Este', 19.0543044281103, -98.280628323555);
INSERT INTO place (id, name, latitude, longitude) VALUES (137, 'LB - Esq NE', 19.0544768249974, -98.2805532217026);
INSERT INTO place (id, name, latitude, longitude) VALUES (138, 'Laboratorios B - Entrada Norte', 19.0544971069723, -98.2806980609894);
INSERT INTO place (id, name, latitude, longitude) VALUES (139, 'LB - Esq NO', 19.0545275299301, -98.280799984932);
INSERT INTO place (id, name, latitude, longitude) VALUES (140, 'Laboratorios B - Entrada Oeste', 19.0543449920998, -98.2808804512024);
INSERT INTO place (id, name, latitude, longitude) VALUES (141, 'LB - Esq SO', 19.0541979475905, -98.280987739563);
INSERT INTO place (id, name, latitude, longitude) VALUES (142, 'Almacen de reactivos', 19.0545833053382, -98.280982375145);
INSERT INTO place (id, name, latitude, longitude) VALUES (143, 'LA - Sal E', 19.0536300503306, -98.2811540365219);
INSERT INTO place (id, name, latitude, longitude) VALUES (144, 'Ciencias Sociales - Entrada 2', 19.0527629891572, -98.2830020785332);
INSERT INTO place (id, name, latitude, longitude) VALUES (145, 'Andador SR', 19.0529911635896, -98.2828196883202);
INSERT INTO place (id, name, latitude, longitude) VALUES (146, 'Andador AR', 19.0531787734433, -98.2823315262794);
INSERT INTO place (id, name, latitude, longitude) VALUES (147, 'Andador AH', 19.0535438514695, -98.2821759581566);
INSERT INTO place (id, name, latitude, longitude) VALUES (148, 'Andador Sub Estacion', 19.0535387809469, -98.2842788100243);
INSERT INTO place (id, name, latitude, longitude) VALUES (149, 'Colegio Jose Gaos - Entrada', 19.0517615532152, -98.2851545512676);
INSERT INTO place (id, name, latitude, longitude) VALUES (150, 'Colegio Jose Gaos', 19.0514167536186, -98.2853020727634);
INSERT INTO place (id, name, latitude, longitude) VALUES (151, 'Salida CG', 19.0519605732445, -98.2850465923548);
INSERT INTO place (id, name, latitude, longitude) VALUES (152, 'Andador E14 - E6', 19.0521507195462, -98.2850009948015);
INSERT INTO place (id, name, latitude, longitude) VALUES (153, 'Andador E14 - E6 2', 19.0526400283608, -98.2847663015127);
INSERT INTO place (id, name, latitude, longitude) VALUES (154, 'Estatua NE - E6', 19.0524017123308, -98.2842714339495);

INSERT INTO path (id, from_place_id, to_place_id, distance) VALUES (1, 3, 4, 75.7479251335447);
INSERT INTO path (id, from_place_id, to_place_id, distance) VALUES (2, 4, 3, 75.7479251335447);
INSERT INTO path (id, from_place_id, to_place_id, distance) VALUES (3, 4, 2, 26.7629656802158);
INSERT INTO path (id, from_place_id, to_place_id, distance) VALUES (4, 2, 4, 26.7629656802158);
INSERT INTO path (id, from_place_id, to_place_id, distance) VALUES (5, 2, 1, 35.8514802281527);
INSERT INTO path (id, from_place_id, to_place_id, distance) VALUES (6, 1, 2, 35.8514802281527);
INSERT INTO path (id, from_place_id, to_place_id, distance) VALUES (7, 2, 5, 44.1721022509695);
INSERT INTO path (id, from_place_id, to_place_id, distance) VALUES (8, 5, 2, 44.1721022509695);
INSERT INTO path (id, from_place_id, to_place_id, distance) VALUES (9, 5, 6, 84.1482137163761);
INSERT INTO path (id, from_place_id, to_place_id, distance) VALUES (10, 6, 5, 84.1482137163761);
INSERT INTO path (id, from_place_id, to_place_id, distance) VALUES (11, 6, 7, 54.0925703040037);
INSERT INTO path (id, from_place_id, to_place_id, distance) VALUES (12, 7, 6, 54.0925703040037);
INSERT INTO path (id, from_place_id, to_place_id, distance) VALUES (13, 7, 8, 40.4204295989192);
INSERT INTO path (id, from_place_id, to_place_id, distance) VALUES (14, 8, 7, 40.4204295989192);
INSERT INTO path (id, from_place_id, to_place_id, distance) VALUES (15, 8, 9, 64.7322280666355);
INSERT INTO path (id, from_place_id, to_place_id, distance) VALUES (16, 9, 8, 64.7322280666355);
INSERT INTO path (id, from_place_id, to_place_id, distance) VALUES (17, 8, 10, 50.5203167383942);
INSERT INTO path (id, from_place_id, to_place_id, distance) VALUES (18, 10, 8, 50.5203167383942);
INSERT INTO path (id, from_place_id, to_place_id, distance) VALUES (19, 9, 11, 30.1750224713066);
INSERT INTO path (id, from_place_id, to_place_id, distance) VALUES (20, 11, 9, 30.1750224713066);
INSERT INTO path (id, from_place_id, to_place_id, distance) VALUES (21, 11, 12, 41.582056309114);
INSERT INTO path (id, from_place_id, to_place_id, distance) VALUES (22, 12, 11, 41.582056309114);
INSERT INTO path (id, from_place_id, to_place_id, distance) VALUES (23, 11, 13, 48.5425329170048);
INSERT INTO path (id, from_place_id, to_place_id, distance) VALUES (24, 13, 11, 48.5425329170048);
INSERT INTO path (id, from_place_id, to_place_id, distance) VALUES (25, 13, 14, 63.1572940802113);
INSERT INTO path (id, from_place_id, to_place_id, distance) VALUES (26, 14, 13, 63.1572940802113);
INSERT INTO path (id, from_place_id, to_place_id, distance) VALUES (27, 14, 15, 58.1297646755605);
INSERT INTO path (id, from_place_id, to_place_id, distance) VALUES (28, 15, 14, 58.1297646755605);
INSERT INTO path (id, from_place_id, to_place_id, distance) VALUES (29, 14, 16, 47.3085887347485);
INSERT INTO path (id, from_place_id, to_place_id, distance) VALUES (30, 16, 14, 47.3085887347485);
INSERT INTO path (id, from_place_id, to_place_id, distance) VALUES (31, 13, 17, 41.9092993171927);
INSERT INTO path (id, from_place_id, to_place_id, distance) VALUES (32, 17, 13, 41.9092993171927);
INSERT INTO path (id, from_place_id, to_place_id, distance) VALUES (33, 11, 17, 80.2261900556603);
INSERT INTO path (id, from_place_id, to_place_id, distance) VALUES (34, 17, 11, 80.2261900556603);
INSERT INTO path (id, from_place_id, to_place_id, distance) VALUES (35, 17, 14, 59.5108045709552);
INSERT INTO path (id, from_place_id, to_place_id, distance) VALUES (36, 14, 17, 59.5108045709552);
INSERT INTO path (id, from_place_id, to_place_id, distance) VALUES (37, 17, 16, 58.3210836958817);
INSERT INTO path (id, from_place_id, to_place_id, distance) VALUES (38, 16, 17, 58.3210836958817);
INSERT INTO path (id, from_place_id, to_place_id, distance) VALUES (39, 12, 17, 77.725514668961);
INSERT INTO path (id, from_place_id, to_place_id, distance) VALUES (40, 17, 12, 77.725514668961);
INSERT INTO path (id, from_place_id, to_place_id, distance) VALUES (41, 15, 18, 46.8672854129127);
INSERT INTO path (id, from_place_id, to_place_id, distance) VALUES (42, 18, 15, 46.8672854129127);
INSERT INTO path (id, from_place_id, to_place_id, distance) VALUES (43, 18, 19, 31.5607973500109);
INSERT INTO path (id, from_place_id, to_place_id, distance) VALUES (44, 19, 18, 31.5607973500109);
INSERT INTO path (id, from_place_id, to_place_id, distance) VALUES (45, 20, 19, 75.9096076370227);
INSERT INTO path (id, from_place_id, to_place_id, distance) VALUES (46, 19, 20, 75.9096076370227);
INSERT INTO path (id, from_place_id, to_place_id, distance) VALUES (47, 20, 21, 39.1760228275322);
INSERT INTO path (id, from_place_id, to_place_id, distance) VALUES (48, 21, 20, 39.1760228275322);
INSERT INTO path (id, from_place_id, to_place_id, distance) VALUES (49, 18, 22, 72.0747803333713);
INSERT INTO path (id, from_place_id, to_place_id, distance) VALUES (50, 22, 18, 72.0747803333713);
INSERT INTO path (id, from_place_id, to_place_id, distance) VALUES (51, 22, 23, 49.3138112317236);
INSERT INTO path (id, from_place_id, to_place_id, distance) VALUES (52, 23, 22, 49.3138112317236);
INSERT INTO path (id, from_place_id, to_place_id, distance) VALUES (53, 23, 21, 33.1295834311804);
INSERT INTO path (id, from_place_id, to_place_id, distance) VALUES (54, 21, 23, 33.1295834311804);
INSERT INTO path (id, from_place_id, to_place_id, distance) VALUES (55, 22, 20, 30.8913483594991);
INSERT INTO path (id, from_place_id, to_place_id, distance) VALUES (56, 20, 22, 30.8913483594991);
INSERT INTO path (id, from_place_id, to_place_id, distance) VALUES (57, 22, 21, 50.2957207151587);
INSERT INTO path (id, from_place_id, to_place_id, distance) VALUES (58, 21, 22, 50.2957207151587);
INSERT INTO path (id, from_place_id, to_place_id, distance) VALUES (59, 23, 20, 58.1849839172775);
INSERT INTO path (id, from_place_id, to_place_id, distance) VALUES (60, 20, 23, 58.1849839172775);
INSERT INTO path (id, from_place_id, to_place_id, distance) VALUES (61, 19, 22, 71.9686001871549);
INSERT INTO path (id, from_place_id, to_place_id, distance) VALUES (62, 22, 19, 71.9686001871549);
INSERT INTO path (id, from_place_id, to_place_id, distance) VALUES (63, 19, 21, 113.78983476924);
INSERT INTO path (id, from_place_id, to_place_id, distance) VALUES (64, 21, 19, 113.78983476924);
INSERT INTO path (id, from_place_id, to_place_id, distance) VALUES (65, 19, 23, 121.17954964279);
INSERT INTO path (id, from_place_id, to_place_id, distance) VALUES (66, 23, 19, 121.17954964279);
INSERT INTO path (id, from_place_id, to_place_id, distance) VALUES (67, 18, 20, 87.8066172423732);
INSERT INTO path (id, from_place_id, to_place_id, distance) VALUES (68, 20, 18, 87.8066172423732);
INSERT INTO path (id, from_place_id, to_place_id, distance) VALUES (69, 18, 21, 120.858351652975);
INSERT INTO path (id, from_place_id, to_place_id, distance) VALUES (70, 21, 18, 120.858351652975);
INSERT INTO path (id, from_place_id, to_place_id, distance) VALUES (71, 18, 23, 119.518412202727);
INSERT INTO path (id, from_place_id, to_place_id, distance) VALUES (72, 23, 18, 119.518412202727);
INSERT INTO path (id, from_place_id, to_place_id, distance) VALUES (73, 23, 26, 29.6669550295482);
INSERT INTO path (id, from_place_id, to_place_id, distance) VALUES (74, 26, 23, 29.6669550295482);
INSERT INTO path (id, from_place_id, to_place_id, distance) VALUES (75, 26, 25, 34.0099317702951);
INSERT INTO path (id, from_place_id, to_place_id, distance) VALUES (76, 25, 26, 34.0099317702951);
INSERT INTO path (id, from_place_id, to_place_id, distance) VALUES (77, 21, 26, 43.5848818762849);
INSERT INTO path (id, from_place_id, to_place_id, distance) VALUES (78, 26, 21, 43.5848818762849);
INSERT INTO path (id, from_place_id, to_place_id, distance) VALUES (79, 22, 26, 77.845267814784);
INSERT INTO path (id, from_place_id, to_place_id, distance) VALUES (80, 26, 22, 77.845267814784);
INSERT INTO path (id, from_place_id, to_place_id, distance) VALUES (81, 20, 26, 79.8968100830463);
INSERT INTO path (id, from_place_id, to_place_id, distance) VALUES (82, 26, 20, 79.8968100830463);
INSERT INTO path (id, from_place_id, to_place_id, distance) VALUES (83, 25, 24, 65.1961518847823);
INSERT INTO path (id, from_place_id, to_place_id, distance) VALUES (84, 24, 25, 65.1961518847823);
INSERT INTO path (id, from_place_id, to_place_id, distance) VALUES (85, 27, 28, 33.0478700624358);
INSERT INTO path (id, from_place_id, to_place_id, distance) VALUES (86, 28, 27, 33.0478700624358);
INSERT INTO path (id, from_place_id, to_place_id, distance) VALUES (87, 28, 25, 61.8996350761285);
INSERT INTO path (id, from_place_id, to_place_id, distance) VALUES (88, 25, 28, 61.8996350761285);
INSERT INTO path (id, from_place_id, to_place_id, distance) VALUES (89, 28, 26, 67.4749378545462);
INSERT INTO path (id, from_place_id, to_place_id, distance) VALUES (90, 26, 28, 67.4749378545462);
INSERT INTO path (id, from_place_id, to_place_id, distance) VALUES (91, 28, 24, 87.8083690990591);
INSERT INTO path (id, from_place_id, to_place_id, distance) VALUES (92, 24, 28, 87.8083690990591);
INSERT INTO path (id, from_place_id, to_place_id, distance) VALUES (93, 29, 24, 87.8554230356051);
INSERT INTO path (id, from_place_id, to_place_id, distance) VALUES (94, 24, 29, 87.8554230356051);
INSERT INTO path (id, from_place_id, to_place_id, distance) VALUES (95, 30, 29, 60.2438729884113);
INSERT INTO path (id, from_place_id, to_place_id, distance) VALUES (96, 29, 30, 60.2438729884113);
INSERT INTO path (id, from_place_id, to_place_id, distance) VALUES (97, 31, 34, 57.020612140341);
INSERT INTO path (id, from_place_id, to_place_id, distance) VALUES (98, 34, 31, 57.020612140341);
INSERT INTO path (id, from_place_id, to_place_id, distance) VALUES (99, 34, 33, 42.5785445740288);
INSERT INTO path (id, from_place_id, to_place_id, distance) VALUES (100, 33, 34, 42.5785445740288);
INSERT INTO path (id, from_place_id, to_place_id, distance) VALUES (101, 32, 33, 53.9469308860441);
INSERT INTO path (id, from_place_id, to_place_id, distance) VALUES (102, 33, 32, 53.9469308860441);
INSERT INTO path (id, from_place_id, to_place_id, distance) VALUES (103, 31, 32, 49.6305905461909);
INSERT INTO path (id, from_place_id, to_place_id, distance) VALUES (104, 32, 31, 49.6305905461909);
INSERT INTO path (id, from_place_id, to_place_id, distance) VALUES (105, 32, 34, 75.229130793765);
INSERT INTO path (id, from_place_id, to_place_id, distance) VALUES (106, 34, 32, 75.229130793765);
INSERT INTO path (id, from_place_id, to_place_id, distance) VALUES (107, 35, 34, 67.5845843432332);
INSERT INTO path (id, from_place_id, to_place_id, distance) VALUES (108, 34, 35, 67.5845843432332);
INSERT INTO path (id, from_place_id, to_place_id, distance) VALUES (109, 31, 35, 60.1464278618645);
INSERT INTO path (id, from_place_id, to_place_id, distance) VALUES (110, 35, 31, 60.1464278618645);
INSERT INTO path (id, from_place_id, to_place_id, distance) VALUES (111, 34, 29, 67.2395657649098);
INSERT INTO path (id, from_place_id, to_place_id, distance) VALUES (112, 29, 34, 67.2395657649098);
INSERT INTO path (id, from_place_id, to_place_id, distance) VALUES (113, 32, 27, 41.7862764537613);
INSERT INTO path (id, from_place_id, to_place_id, distance) VALUES (114, 27, 32, 41.7862764537613);
INSERT INTO path (id, from_place_id, to_place_id, distance) VALUES (115, 35, 30, 121.856668160479);
INSERT INTO path (id, from_place_id, to_place_id, distance) VALUES (116, 30, 35, 121.856668160479);
INSERT INTO path (id, from_place_id, to_place_id, distance) VALUES (117, 35, 29, 111.219834509629);
INSERT INTO path (id, from_place_id, to_place_id, distance) VALUES (118, 29, 35, 111.219834509629);
INSERT INTO path (id, from_place_id, to_place_id, distance) VALUES (119, 34, 30, 110.234751037896);
INSERT INTO path (id, from_place_id, to_place_id, distance) VALUES (120, 30, 34, 110.234751037896);
INSERT INTO path (id, from_place_id, to_place_id, distance) VALUES (121, 37, 36, 33.8308087954908);
INSERT INTO path (id, from_place_id, to_place_id, distance) VALUES (122, 36, 37, 33.8308087954908);
INSERT INTO path (id, from_place_id, to_place_id, distance) VALUES (123, 36, 35, 136.585915543468);
INSERT INTO path (id, from_place_id, to_place_id, distance) VALUES (124, 35, 36, 136.585915543468);
INSERT INTO path (id, from_place_id, to_place_id, distance) VALUES (125, 36, 30, 36.0334165490909);
INSERT INTO path (id, from_place_id, to_place_id, distance) VALUES (126, 30, 36, 36.0334165490909);
INSERT INTO path (id, from_place_id, to_place_id, distance) VALUES (127, 36, 29, 96.0581867046822);
INSERT INTO path (id, from_place_id, to_place_id, distance) VALUES (128, 29, 36, 96.0581867046822);
INSERT INTO path (id, from_place_id, to_place_id, distance) VALUES (129, 38, 39, 84.30847891795);
INSERT INTO path (id, from_place_id, to_place_id, distance) VALUES (130, 39, 38, 84.30847891795);
INSERT INTO path (id, from_place_id, to_place_id, distance) VALUES (131, 39, 29, 93.3537224700902);
INSERT INTO path (id, from_place_id, to_place_id, distance) VALUES (132, 29, 39, 93.3537224700902);
INSERT INTO path (id, from_place_id, to_place_id, distance) VALUES (133, 30, 39, 76.7842990779285);
INSERT INTO path (id, from_place_id, to_place_id, distance) VALUES (134, 39, 30, 76.7842990779285);
INSERT INTO path (id, from_place_id, to_place_id, distance) VALUES (135, 39, 36, 91.8712276594229);
INSERT INTO path (id, from_place_id, to_place_id, distance) VALUES (136, 36, 39, 91.8712276594229);
INSERT INTO path (id, from_place_id, to_place_id, distance) VALUES (137, 39, 34, 160.420740514481);
INSERT INTO path (id, from_place_id, to_place_id, distance) VALUES (138, 34, 39, 160.420740514481);
INSERT INTO path (id, from_place_id, to_place_id, distance) VALUES (139, 40, 30, 47.4963269555556);
INSERT INTO path (id, from_place_id, to_place_id, distance) VALUES (140, 30, 40, 47.4963269555556);
INSERT INTO path (id, from_place_id, to_place_id, distance) VALUES (141, 36, 40, 43.7233218299015);
INSERT INTO path (id, from_place_id, to_place_id, distance) VALUES (142, 40, 36, 43.7233218299015);
INSERT INTO path (id, from_place_id, to_place_id, distance) VALUES (143, 41, 40, 45.7529994126278);
INSERT INTO path (id, from_place_id, to_place_id, distance) VALUES (144, 40, 41, 45.7529994126278);
INSERT INTO path (id, from_place_id, to_place_id, distance) VALUES (145, 42, 40, 31.301748959156);
INSERT INTO path (id, from_place_id, to_place_id, distance) VALUES (146, 40, 42, 31.301748959156);
INSERT INTO path (id, from_place_id, to_place_id, distance) VALUES (147, 41, 42, 19.9564732904164);
INSERT INTO path (id, from_place_id, to_place_id, distance) VALUES (148, 42, 41, 19.9564732904164);
INSERT INTO path (id, from_place_id, to_place_id, distance) VALUES (149, 43, 41, 180.488028589298);
INSERT INTO path (id, from_place_id, to_place_id, distance) VALUES (150, 41, 43, 180.488028589298);
INSERT INTO path (id, from_place_id, to_place_id, distance) VALUES (151, 45, 44, 63.8918230070455);
INSERT INTO path (id, from_place_id, to_place_id, distance) VALUES (152, 44, 45, 63.8918230070455);
INSERT INTO path (id, from_place_id, to_place_id, distance) VALUES (153, 45, 43, 53.1015488309996);
INSERT INTO path (id, from_place_id, to_place_id, distance) VALUES (154, 43, 45, 53.1015488309996);
INSERT INTO path (id, from_place_id, to_place_id, distance) VALUES (155, 44, 35, 90.717583015628);
INSERT INTO path (id, from_place_id, to_place_id, distance) VALUES (156, 35, 44, 90.717583015628);
INSERT INTO path (id, from_place_id, to_place_id, distance) VALUES (157, 44, 31, 136.199239061941);
INSERT INTO path (id, from_place_id, to_place_id, distance) VALUES (158, 31, 44, 136.199239061941);
INSERT INTO path (id, from_place_id, to_place_id, distance) VALUES (159, 46, 35, 110.318719516043);
INSERT INTO path (id, from_place_id, to_place_id, distance) VALUES (160, 35, 46, 110.318719516043);
INSERT INTO path (id, from_place_id, to_place_id, distance) VALUES (161, 46, 44, 98.6438669797163);
INSERT INTO path (id, from_place_id, to_place_id, distance) VALUES (162, 44, 46, 98.6438669797163);
INSERT INTO path (id, from_place_id, to_place_id, distance) VALUES (163, 47, 44, 77.155233940191);
INSERT INTO path (id, from_place_id, to_place_id, distance) VALUES (164, 44, 47, 77.155233940191);
INSERT INTO path (id, from_place_id, to_place_id, distance) VALUES (165, 45, 47, 73.3664598175775);
INSERT INTO path (id, from_place_id, to_place_id, distance) VALUES (166, 47, 45, 73.3664598175775);
INSERT INTO path (id, from_place_id, to_place_id, distance) VALUES (167, 48, 45, 54.5107023296112);
INSERT INTO path (id, from_place_id, to_place_id, distance) VALUES (168, 45, 48, 54.5107023296112);
INSERT INTO path (id, from_place_id, to_place_id, distance) VALUES (169, 48, 47, 27.7673958118022);
INSERT INTO path (id, from_place_id, to_place_id, distance) VALUES (170, 47, 48, 27.7673958118022);
INSERT INTO path (id, from_place_id, to_place_id, distance) VALUES (171, 48, 44, 50.2529529459704);
INSERT INTO path (id, from_place_id, to_place_id, distance) VALUES (172, 44, 48, 50.2529529459704);
INSERT INTO path (id, from_place_id, to_place_id, distance) VALUES (173, 48, 46, 89.0590994442293);
INSERT INTO path (id, from_place_id, to_place_id, distance) VALUES (174, 46, 48, 89.0590994442293);
INSERT INTO path (id, from_place_id, to_place_id, distance) VALUES (175, 50, 49, 24.3860892339212);
INSERT INTO path (id, from_place_id, to_place_id, distance) VALUES (176, 49, 50, 24.3860892339212);
INSERT INTO path (id, from_place_id, to_place_id, distance) VALUES (177, 49, 43, 197.804942303834);
INSERT INTO path (id, from_place_id, to_place_id, distance) VALUES (178, 43, 49, 197.804942303834);
INSERT INTO path (id, from_place_id, to_place_id, distance) VALUES (179, 49, 51, 59.3347302136056);
INSERT INTO path (id, from_place_id, to_place_id, distance) VALUES (180, 51, 49, 59.3347302136056);
INSERT INTO path (id, from_place_id, to_place_id, distance) VALUES (181, 50, 51, 73.5317726779147);
INSERT INTO path (id, from_place_id, to_place_id, distance) VALUES (182, 51, 50, 73.5317726779147);
INSERT INTO path (id, from_place_id, to_place_id, distance) VALUES (183, 51, 47, 136.062311609167);
INSERT INTO path (id, from_place_id, to_place_id, distance) VALUES (184, 47, 51, 136.062311609167);
INSERT INTO path (id, from_place_id, to_place_id, distance) VALUES (185, 45, 51, 178.575492177247);
INSERT INTO path (id, from_place_id, to_place_id, distance) VALUES (186, 51, 45, 178.575492177247);
INSERT INTO path (id, from_place_id, to_place_id, distance) VALUES (187, 52, 43, 57.9529726985289);
INSERT INTO path (id, from_place_id, to_place_id, distance) VALUES (188, 43, 52, 57.9529726985289);
INSERT INTO path (id, from_place_id, to_place_id, distance) VALUES (189, 52, 45, 83.0314660888379);
INSERT INTO path (id, from_place_id, to_place_id, distance) VALUES (190, 45, 52, 83.0314660888379);
INSERT INTO path (id, from_place_id, to_place_id, distance) VALUES (191, 49, 52, 140.050952635281);
INSERT INTO path (id, from_place_id, to_place_id, distance) VALUES (192, 52, 49, 140.050952635281);
INSERT INTO path (id, from_place_id, to_place_id, distance) VALUES (193, 53, 51, 80.0772845287934);
INSERT INTO path (id, from_place_id, to_place_id, distance) VALUES (194, 51, 53, 80.0772845287934);
INSERT INTO path (id, from_place_id, to_place_id, distance) VALUES (195, 53, 47, 83.522373420734);
INSERT INTO path (id, from_place_id, to_place_id, distance) VALUES (196, 47, 53, 83.522373420734);
INSERT INTO path (id, from_place_id, to_place_id, distance) VALUES (197, 51, 54, 45.9829702269311);
INSERT INTO path (id, from_place_id, to_place_id, distance) VALUES (198, 54, 51, 45.9829702269311);
INSERT INTO path (id, from_place_id, to_place_id, distance) VALUES (199, 54, 53, 42.7431279358081);
INSERT INTO path (id, from_place_id, to_place_id, distance) VALUES (200, 53, 54, 42.7431279358081);
INSERT INTO path (id, from_place_id, to_place_id, distance) VALUES (201, 47, 54, 91.1315587959271);
INSERT INTO path (id, from_place_id, to_place_id, distance) VALUES (202, 54, 47, 91.1315587959271);
INSERT INTO path (id, from_place_id, to_place_id, distance) VALUES (203, 48, 54, 115.45852819387);
INSERT INTO path (id, from_place_id, to_place_id, distance) VALUES (204, 54, 48, 115.45852819387);
INSERT INTO path (id, from_place_id, to_place_id, distance) VALUES (205, 45, 54, 133.961433206919);
INSERT INTO path (id, from_place_id, to_place_id, distance) VALUES (206, 54, 45, 133.961433206919);
INSERT INTO path (id, from_place_id, to_place_id, distance) VALUES (207, 49, 54, 96.2098795429729);
INSERT INTO path (id, from_place_id, to_place_id, distance) VALUES (208, 54, 49, 96.2098795429729);
INSERT INTO path (id, from_place_id, to_place_id, distance) VALUES (209, 50, 54, 115.361272379893);
INSERT INTO path (id, from_place_id, to_place_id, distance) VALUES (210, 54, 50, 115.361272379893);
INSERT INTO path (id, from_place_id, to_place_id, distance) VALUES (211, 55, 56, 51.1326467541486);
INSERT INTO path (id, from_place_id, to_place_id, distance) VALUES (212, 56, 55, 51.1326467541486);
INSERT INTO path (id, from_place_id, to_place_id, distance) VALUES (213, 54, 58, 23.0337225642145);
INSERT INTO path (id, from_place_id, to_place_id, distance) VALUES (214, 58, 54, 23.0337225642145);
